6
6
34
15
191
138
72
355
753
292
7
296
140
351
97
433
144
29
114
41
43
201
97
71
265
375
57
166
6
310
96
58
393
28
91
24
24
112
21
159
62
123
150
9
54
50
276
112
495
75
250
130
147
34
356
236
233
7
8
339
250
20
107
11
279
68
295
12
228
54
78
85
6
39
321
375
285
156
160
273
88
479
112
11
458
45
49
562
132
120
255
232
187
106
149
7
56
404
254
138
18
8
7
146
145
111
61
67
22
58
7
40
10
227
20
138
129
424
285
6
94
6
228
25
157
86
101
98
260
389
45
60
312
58
354
19
6
106
289
295
183
473
34
151
6
52
25
115
26
8
293
238
8
6
113
42
118
271
24
635
77
50
194
21
9
165
20
34
138
54
27
11
106
6
376
49
6
121
120
403
160
144
267
6
10
49
403
47
36
115
584
32
42
130
37
32
33
16
9
6
6
146
269
75
44
200
72
197
124
6
18
12
13
588
332
58
121
10
170
457
99
40
135
38
215
129
9
21
10
6
513
627
446
17
112
306
25
11
36
94
332
139
9
691
283
338
107
18
62
195
48
33
6
110
72
204
277
14
154
220
215
51
121
35
70
242
502
67
49
190
310
464
68
37
505
147
125
179
262
6
11
77
89
175
100
92
17
67
481
6
232
274
13
426
7
80
82
148
174
35
175
411
87
56
34
226
10
11
525
345
67
65
30
425
354
92
99
244
503
84
95
17
154
479
6
23
106
27
298
13
67
169
94
57
820
68
174
485
10
7
6
444
40
466
72
350
140
206
114
160
614
54
313
6
14
188
112
217
78
228
20
314
34
