0
0
0
0
0
0
0.363
0.464
0.509
0.479
0.454
0.454
-
0
0
0
0
0
0
0.687
0.812
0.899
0.918
0.895
0.919
-
0
0
0
0
0
0
0.448
0.480
0.504
0.501
0.516
0.519
-
0
0
0
0
0
0
0.215
0.236
0.242
0.240
0.236
0.233
-
0
0
0
0
0
0
0.329
0.383
0.416
0.445
0.412
0.413
-
0
0
0
0
0
0
0.252
0.260
0.274
0.276
0.277
0.276
-
0
0
0
0
0
0
0.351
0.405
0.436
0.429
0.435
0.450
-
1
1
1
1
1
1
1.210
1.381
1.585
1.669
1.642
1.608
-
0
0
0
0
0
0
0.569
0.711
0.799
0.788
0.778
0.777
-
0
0
0
0
0
0
0.518
0.617
0.704
0.720
0.710
0.719
-
0
0
0
0
0
0
0.521
0.603
0.694
0.717
0.712
0.706
-
1
1
1
1
1
1
1.113
1.294
1.439
1.435
1.436
1.443
-
0
0
0
0
0
0
0.529
0.637
0.730
0.719
0.725
0.717
-
0
0
0
0
0
0
0.442
0.548
0.567
0.571
0.772
0.594
-
0
0
0
0
0
0
0.363
0.400
0.454
0.439
0.440
0.434
-
0
0
0
0
0
0
0.334
0.361
0.385
0.384
0.389
0.386
-
0
0
0
0
0
0
0.249
0.278
0.275
0.275
0.279
0.266
-
0
0
0
0
0
0
0.412
0.474
0.508
0.508
0.522
0.520
-
0
0
0
0
0
0
0.417
0.434
0.483
0.505
0.498
0.521
-
0
0
0
0
0
0
0.492
0.575
0.685
0.685
0.664
0.667
-
0
0
0
0
0
0
0.372
0.430
0.439
0.437
0.437
0.444
-
0
0
0
0
0
0
0.229
0.240
0.238
0.239
0.250
0.243
-
0
0
0
0
0
0
0.568
0.675
0.790
0.790
0.819
0.783
-
0
0
0
0
0
0
0.353
0.392
0.425
0.422
0.417
0.446
-
1
1
1
1
1
1
1.180
1.369
1.502
1.509
1.533
1.518
-
0
0
0
0
0
0
0.222
0.227
0.224
0.223
0.227
0.227
-
0
0
0
0
0
0
0.692
0.851
1.015
1.027
0.997
1.008
-
0
0
0
0
0
0
0.363
0.400
0.440
0.440
0.442
0.442
-
0
0
0
0
0
0
0.319
0.352
0.366
0.372
0.372
0.376
-
0
0
0
0
0
0
0.435
0.464
0.508
0.514
0.517
0.502
-
0
0
0
0
0
0
0.392
0.457
0.482
0.563
0.488
0.495
-
0
0
0
0
0
0
0.419
0.472
0.506
0.509
0.517
0.519
-
0
0
0
0
0
0
0.765
0.913
1.026
1.027
1.031
1.028
-
0
0
0
0
0
0
0.359
0.386
0.422
0.414
0.412
0.412
-
0
0
0
0
0
0
0.237
0.256
0.255
0.252
0.253
0.254
-
0
0
0
0
0
0
0.453
0.490
0.570
0.570
0.610
0.577
-
0
0
0
0
0
0
0.229
0.245
0.238
0.242
0.299
0.235
-
0
0
0
0
0
0
0.370
0.406
0.449
0.460
0.453
0.447
-
0
0
0
0
0
0
0.627
0.778
0.869
0.878
0.956
0.864
-
0
0
0
0
0
0
0.731
0.890
1.055
1.043
1.052
1.036
-
0
0
0
0
0
0
0.549
0.644
0.740
0.767
0.774
0.776
-
0
0
0
0
0
0
0.233
0.251
0.249
0.259
0.250
0.246
-
0
0
0
0
0
0
0.643
0.750
0.791
0.795
0.800
0.811
-
0
0
0
0
0
0
0.442
0.563
0.575
0.499
0.478
0.477
-
0
0
0
0
0
0
0.490
0.580
0.712
0.810
0.859
0.717
-
0
0
0
0
0
0
0.461
0.507
0.565
0.585
0.582
0.576
-
0
0
0
0
0
0
0.255
0.274
0.277
0.283
0.277
0.278
-
0
0
0
0
0
0
0.369
0.423
0.441
0.437
0.437
0.430
-
0
0
0
0
0
0
0.538
0.638
0.736
0.737
0.752
0.946
-
0
0
0
0
0
0
0.519
0.627
0.705
0.718
0.724
0.711
-
0
0
0
0
0
0
0.357
0.420
0.432
0.432
0.434
0.438
-
0
0
0
0
0
0
0.526
0.621
0.697
0.703
0.697
0.693
-
0
0
0
0
0
0
0.573
0.688
0.797
0.809
0.833
0.812
-
0
0
0
0
0
0
0.630
0.767
0.890
0.891
0.973
0.909
-
0
0
0
0
0
0
0.392
0.438
0.479
0.473
0.465
0.470
-
0
0
0
0
0
0
0.541
0.572
0.565
0.521
0.512
0.514
-
0
0
0
0
0
0
0.460
0.506
0.582
0.645
0.590
0.603
-
0
0
0
0
0
0
0.233
0.247
0.242
0.255
0.251
0.253
-
1
1
1
1
1
1
1.317
1.552
1.734
1.703
1.716
1.691
-
1
1
1
1
1
1
1.222
1.440
1.604
1.586
1.603
1.644
-
0
0
0
0
0
0
0.474
0.518
0.545
0.559
0.556
0.584
-
0
0
0
0
0
0
0.457
0.426
0.465
0.479
0.478
0.471
-
0
0
0
0
0
0
0.442
0.517
0.566
0.572
0.575
0.584
-
0
0
0
0
0
0
0.512
0.606
0.684
0.674
0.694
0.668
-
0
0
0
0
0
0
0.494
0.587
0.659
0.662
0.659
0.647
-
0
0
0
0
0
0
0.494
0.595
0.688
0.766
0.697
0.730
-
0
0
0
0
0
0
0.361
0.397
0.447
0.563
0.539
0.503
-
0
0
0
0
0
0
0.422
0.454
0.498
0.495
0.500
0.502
-
0
0
0
0
0
0
0.243
0.250
0.255
0.256
0.256
0.260
-
0
0
0
0
0
0
0.241
0.250
0.244
0.251
0.248
0.251
-
0
0
0
0
0
0
0.354
0.382
0.418
0.438
0.408
0.412
-
0
0
0
0
0
0
0.682
0.826
0.957
0.963
0.953
0.954
-
0
0
0
0
0
0
0.491
0.576
0.686
0.663
0.690
0.742
-
0
0
0
0
0
0
0.377
0.417
0.458
0.473
0.457
0.452
-
0
0
0
0
0
0
0.389
0.419
0.460
0.455
0.470
0.463
-
0
0
0
0
0
0
0.317
0.334
0.371
0.363
0.359
0.359
-
0
0
0
0
0
0
0.516
0.631
0.742
0.717
0.740
0.800
-
0
0
0
0
0
0
0.222
0.240
0.236
0.230
0.225
0.227
-
0
0
0
0
0
0
0.233
0.245
0.242
0.247
0.252
0.255
-
0
0
0
0
0
0
0.253
0.265
0.267
0.274
0.268
0.265
-
0
0
0
0
0
0
0.538
0.660
0.761
0.741
0.751
0.740
-
0
0
0
0
0
0
0.394
0.449
0.504
0.485
0.484
0.491
-
0
0
0
0
0
0
0.958
1.106
1.251
1.233
1.258
1.245
-
1
1
1
1
1
0
1.132
1.313
1.462
1.424
1.453
0.907
-
0
0
0
0
0
0
0.418
0.527
0.532
0.525
0.504
0.511
-
0
0
0
0
0
0
0.403
0.470
0.526
0.525
0.515
0.511
-
0
0
0
0
0
0
0.247
0.258
0.267
0.266
0.272
0.271
-
0
0
0
0
0
0
0.351
0.390
0.419
0.426
0.431
0.437
-
0
0
0
0
0
0
0.470
0.510
0.601
0.597
0.609
0.619
-
0
0
0
0
0
0
0.323
0.373
0.390
0.391
0.389
0.385
-
0
0
0
0
0
0
0.628
0.751
0.885
0.878
0.869
0.892
-
0
0
0
0
0
0
0.573
0.689
0.798
0.819
0.788
0.820
-
0
0
0
0
0
0
0.293
0.299
0.326
0.327
0.328
0.324
-
0
0
0
0
0
0
0.579
0.702
0.805
0.819
0.827
0.805
-
0
0
0
0
0
0
0.220
0.237
0.228
0.236
0.232
0.226
-
0
0
0
0
0
0
0.374
0.422
0.453
0.462
0.452
0.457
-
0
0
0
0
0
0
0.222
0.238
0.255
0.233
0.229
0.230
-
0
0
0
0
0
0
0.377
0.416
0.455
0.471
0.462
0.455
-
0
0
0
0
0
0
0.659
0.835
0.886
0.893
0.899
0.886
-
0
0
0
0
0
0
0.545
0.627
0.734
0.747
0.727
0.738
-
0
0
0
0
0
0
0.724
0.869
0.994
0.990
1.001
1.026
-
0
0
0
0
0
0
0.713
0.822
1.016
0.967
0.974
0.965
-
0
0
0
0
0
0
0.627
0.765
0.876
0.876
0.873
0.874
-
0
0
0
0
0
0
0.658
0.827
0.909
0.903
0.905
0.924
-
0
0
0
0
0
0
0.593
0.693
0.802
0.811
0.810
0.828
-
0
0
0
0
0
0
0.230
0.231
0.227
0.228
0.228
0.227
-
0
0
0
0
0
0
0.220
0.229
0.225
0.222
0.230
0.223
-
0
0
0
0
0
0
0.585
0.679
0.864
0.802
0.800
0.799
-
0
0
0
0
0
0
0.587
0.701
0.813
0.855
0.810
0.834
-
0
0
0
0
0
0
0.479
0.545
0.611
0.615
0.606
0.604
-
1
1
1
1
1
1
1.267
1.451
1.609
1.637
1.659
1.726
-
0
0
0
0
0
0
0.238
0.253
0.250
0.247
0.252
0.249
-
0
0
0
0
0
0
0.223
0.229
0.229
0.230
0.228
0.240
-
0
0
0
0
0
0
0.323
0.361
0.389
0.385
0.388
0.386
-
0
0
0
0
0
0
0.632
0.739
0.828
0.841
0.836
0.824
-
0
0
0
0
0
0
0.526
0.625
0.734
0.716
0.734
0.713
-
0
0
0
0
0
0
0.348
0.387
0.424
0.414
0.411
0.416
-
0
0
0
0
0
0
0.513
0.593
0.680
0.688
0.667
0.735
-
0
0
0
0
0
0
0.464
0.526
0.579
0.578
0.605
0.585
-
0
0
0
0
0
0
0.328
0.371
0.397
0.397
0.397
0.406
-
0
0
0
0
0
0
0.352
0.382
0.440
0.413
0.415
0.429
-
0
0
0
0
0
0
0.506
0.581
0.681
0.659
0.654
0.653
-
0
0
0
0
0
0
0.333
0.365
0.393
0.394
0.402
0.397
-
0
0
0
0
0
0
0.852
1.006
1.112
1.146
1.174
1.114
-
0
0
0
0
0
0
0.665
0.801
0.926
0.897
0.932
1.092
-
0
0
0
0
0
0
0.796
0.850
0.736
0.709
0.705
0.706
-
0
0
0
0
0
0
0.237
0.244
0.257
0.260
0.254
0.257
-
0
0
0
0
0
0
0.216
0.221
0.225
0.225
0.225
0.224
-
0
0
0
0
0
0
0.624
0.721
0.834
0.819
0.820
0.804
-
0
0
0
0
0
0
0.378
0.446
0.487
0.555
0.520
0.503
-
0
0
0
0
0
0
0.525
0.633
0.755
0.833
0.677
0.590
-
0
0
0
0
0
0
0.360
0.422
0.434
0.437
0.435
0.474
-
0
0
0
0
0
0
0.539
0.657
0.697
0.706
0.693
0.714
-
0
0
0
0
0
0
0.229
0.234
0.240
0.241
0.242
0.244
-
0
0
0
0
0
0
0.225
0.240
0.240
0.242
0.244
0.242
-
0
0
0
0
0
0
0.642
0.771
0.950
0.947
1.235
1.012
-
0
0
0
0
0
0
0.864
0.982
1.103
1.102
1.122
1.089
-
1
1
1
1
1
1
1.100
1.320
1.447
1.426
1.448
1.430
-
0
0
0
0
0
0
0.641
0.671
0.755
0.762
0.739
0.751
-
0
0
0
0
0
0
0.467
0.548
0.619
0.620
0.623
0.641
-
0
0
0
0
0
0
0.367
0.311
0.353
0.345
0.352
0.345
-
0
0
0
0
0
0
0.533
0.623
0.712
0.729
0.726
0.731
-
0
0
0
0
0
0
0.352
0.413
0.443
0.483
0.455
0.457
-
0
0
0
0
0
0
0.408
0.455
0.514
0.531
0.524
0.509
-
0
0
0
0
0
0
0.215
0.225
0.229
0.242
0.234
0.238
-
0
0
0
0
0
0
0.396
0.447
0.494
0.484
0.489
0.492
-
0
0
0
0
0
0
0.355
0.399
0.437
0.439
0.441
0.447
-
0
0
0
0
0
0
0.301
0.342
0.365
0.367
0.367
0.371
-
0
0
0
0
0
0
0.552
0.612
0.663
0.652
0.662
0.656
-
0
0
0
0
0
0
1.040
1.034
0.839
1.098
0.931
0.904
-
0
0
0
0
0
0
0.327
0.352
0.381
0.382
0.382
0.390
-
0
0
0
0
0
0
0.605
0.714
0.801
0.821
0.793
0.817
-
0
0
0
0
0
0
0.523
0.655
0.700
0.691
0.715
0.712
-
1
1
1
1
1
1
1.450
1.766
1.835
1.641
1.778
1.647
-
0
0
0
0
0
0
0.526
0.619
0.700
0.730
0.711
0.703
-
0
0
0
0
0
0
0.607
0.709
0.849
0.834
0.816
0.832
-
0
0
0
0
0
0
0.218
0.220
0.222
0.227
0.219
0.224
-
0
0
0
0
0
0
0.473
0.533
0.587
0.587
0.588
0.574
-
0
0
0
0
0
0
0.337
0.383
0.413
0.411
0.422
0.410
-
0
0
0
0
0
0
0.275
0.287
0.305
0.310
0.307
0.305
-
